,disk write,,,Page Fault ,Interrupt
10,43023,,,100000,99990
20,43018,,,100000,99980
30,43015,,,100000,99970
40,43010,,,100000,99960
50,22005,,,51000,50950
60,4513,,,10193,10133
70,2916,,,6479,6409
80,2326,,,5117,5037
90,2013,,,4392,4302
100,1824,,,3960,3860
