,disk write,,,Page Fault ,Interrupt
10,52143,,,97630,97620
20,50296,,,94286,94266
30,48508,,,91094,91064
40,46734,,,87894,87854
50,45107,,,84852,84802
60,43617,,,82066,82006
70,42296,,,79612,79542
80,40944,,,77068,76988
90,39462,,,74377,74287
100,38071,,,71862,71762
